00000000000000000000000000000000000000000000000000000000000
00000000000000000000000000000000000000000000000000000000000
00000000000000000000000000000000000000000000000000000000000
00000000000000000000000000000000000000000000000000000000000
00000000000000000000000000000000000000000000000000000000000
00000000000000000000000000000000000000000000000000000000000
00000000000000000000000000000000000000000000000000000000000
00000000000000000000000000000000000000000000000000000000000
00000000000000000000000000000000000000000000000000000000000
ggggggggggggggggggggggggggggggggggggggggggggggggggggggggggg
11111111111111111111111111111111111111111111111111111111111
11111111111111111111111111111111111111111111111111111111111
11111111111111111111111111111111111111111111111111111111111
11111111111111111111111111111111111111111111111111111111111
11111111111111111111111111111111111111111111111111111111111
11111111111111111111111111111111111111111111111111111111111